0000000
0000001
0000002
0000003
0000004
0000005
0000006
0000007
0000008
0000009
0000010
0000011
0000012
0000013
0000014
0000015
0000016
0000017
0000018
0000019
0000020
0000021
0000022
0000023
0000024
0000025
0000026
0000027
0000028
0000029
0000030
0000031
0000032
0000033
0000034
0000035
0000036
0000037
0000038
0000039
0000040
0000041
0000042
0000043
0000044
0000045
0000046
0000047
0000048
0000049
0000050
0000051
0000052
0000053
0000054
0000055
0000056
0000057
0000058
0000059
0000060
0000061
0000062
0000063
0000064
0000065
0000066
0000067
0000068
0000069
0000070
0000071
0000072
0000073
0000074
0000075
0000076
0000077
0000078
0000079
0000080
0000081
0000082
0000083
0000084
0000085
0000086
0000087
0000088
0000089
0000090
0000091
0000092
0000093
0000094
0000095
0000096
0000097
0000098
0000099
0000100
0000101
0000102
0000103
0000104
0000105
0000106
0000107
0000108
0000109
0000110
0000111
0000112
0000113
0000114
0000115
0000116
0000117
0000118
0000119
0000120
0000121
0000122
0000123
0000124
0000125
0000126
0000127
0000128
0000129
0000130
0000131
0000132
0000133
0000134
0000135
0000136
0000137
0000138
0000139
0000140
0000141
0000142
0000143
0000144
0000145
0000146
0000147
0000148
0000149
0000150
0000151
0000152
0000153
0000154
0000155
0000156
0000157
0000158
0000159
0000160
0000161
0000162
0000163
0000164
0000165
0000166
0000167
0000168
0000169
0000170
0000171
0000172
0000173
0000174
0000175
0000176
0000177
0000178
0000179
0000180
0000181
0000182
0000183
0000184
0000185
0000186
0000187
0000188
0000189
0000190
0000191
0000192
0000193
0000194
0000195
0000196
0000197
1000000
1000001
1000002
1000003
1000004
1000005
1000006
1000007
1000008
1000009
1000010
1000011
1000012
1000013
1000014
1000015
1000016
1000017
1000018
1000019
1000020
1000021
1000022
1000023
1000024
1000025
1000026
1000027
1000028
1000029
1000030
1000031
1000032
1000033
1000034
1000035
1000036
1000037
1000038
1000039
1000040
1000041
1000042
1000043
1000044
1000045
1000046
1000047
1000048
1000049
1000050
1000051
1000052
1000053
1000054
1000055
1000056
1000057
1000058
1000059
1000060
1000061
1000062
1000063
1000064
1000065
1000066
1000067
1000068
1000069
1000070
1000071
1000072
1000073
1000074
1000075
1000076
1000077
1000078
1000079
1000080
1000081
1000082
1000083
1000084
1000085
1000086
1000087
1000088
1000089
1000090
1000091
1000092
1000093
1000094
1000095
1000096
1000097
1000098
1000099
1000100
1000101
1000102
1000103
1000104
1000105
1000106
1000107
1000108
1000109
1000110
1000111
1000112
1000113
1000114
1000115
1000116
1000117
1000118
1000119
1000120
1000121
1000122
1000123
1000124
1000125
1000126
1000127
1000128
1000129
1000130
1000131
1000132
1000133
1000134
1000135
1000136
1000137
1000138
1000139
1000140
1000141
1000142
1000143
1000144
1000145
1000146
1000147
1000148
1000149
1000150
1000151
1000152
1000153
1000154
1000155
1000156
1000157
1000158
1000159
1000160
1000161
1000162
1000163
1000164
1000165
1000166
1000167
1000168
1000169
1000170
1000171
1000172
1000173
1000174
1000175
1000176
1000177
1000178
1000179
1000180
1000181
1000182
1000183
1000184
1000185
1000186
1000187
1000188
1000189
1000190
1000191
1000192
1000193
1000194
1000195
1000196
1000197