0000000
0000001
0000002
0000003
0000004
0000005
0000006
0000007
0000008
0000009
0000010
0000011
0000012
0000013
0000014
0000015
0000016
0000017
0000018
0000019
0000020
0000021
0000022
0000023
0000024
0000025
0000026
0000027
0000028
0000029
0000030
0000031
0000032
0000033
0000034
0000035
0000036
0000037
0000038
0000039
0000040
0000041
0000042
0000043
0000044
0000045
0000046
0000047
0000048
0000049
0000050
0000051
0000052
0000053
0000054
0000055
0000056
0000057
0000058
0000059
0000060
0000061
0000062
0000063
0000064
0000065
0000066
0000067
0000068
0000069
0000070
0000071
0000072
0000073
0000074
0000075
0000076
0000077
0000078
0000079
0000080
0000081
0000082
0000083
0000084
0000085
0000086
0000087
0000088
0000089
0000090
0000091
0000092
0000093
0000094
0000095
0000096
0000097
0000098
0000099
0000100
0000101
0000102
0000103
0000104
0000105
0000106
0000107
0000108
0000109
0000110
0000111
0000112
0000113
0000114
0000115
0000116
0000117
0000118
0000119
0000120
0000121
0000122
0000123
0000124
0000125
0000126
0000127
0000128
0000129
0000130
0000131
0000132
0000133
0000134
0000135
0000136
0000137
0000138
0000139
0000140
0000141
0000142
0000143
0000144
0000145
0000146
0000147
0000148
0000149
0000150
0000151
0000152
0000153
0000154
0000155
0000156
0000157
0000158
0000159
0000160
0000161
0000162
0000163
0000164
0000165
0000166
0000167
0000168
0000169
0000170
0000171
0000172
0000173
0000174
0000175
0000176
0000177
0000178
0000179
0000180
0000181
0000182
0000183
0000184
0000185
0000186
0000187
0000188
0000189
0000190
0000191
0000192
0000193
0000194
0000195
0000196
0000197
0001000
0001001
0001002
0001003
0001004
0001005
0001006
0001007
0001008
0001009
0001010
0001011
0001012
0001013
0001014
0001015
0001016
0001017
0001018
0001019
0001020
0001021
0001022
0001023
0001024
0001025
0001026
0001027
0001028
0001029
0001030
0001031
0001032
0001033
0001034
0001035
0001036
0001037
0001038
0001039
0001040
0001041
0001042
0001043
0001044
0001045
0001046
0001047
0001048
0001049
0001050
0001051
0001052
0001053
0001054
0001055
0001056
0001057
0001058
0001059
0001060
0001061
0001062
0001063
0001064
0001065
0001066
0001067
0001068
0001069
0001070
0001071
0001072
0001073
0001074
0001075
0001076
0001077
0001078
0001079
0001080
0001081
0001082
0001083
0001084
0001085
0001086
0001087
0001088
0001089
0001090
0001091
0001092
0001093
0001094
0001095
0001096
0001097
0001098
0001099
0001100
0001101
0001102
0001103
0001104
0001105
0001106
0001107
0001108
0001109
0001110
0001111
0001112
0001113
0001114
0001115
0001116
0001117
0001118
0001119
0001120
0001121
0001122
0001123
0001124
0001125
0001126
0001127
0001128
0001129
0001130
0001131
0001132
0001133
0001134
0001135
0001136
0001137
0001138
0001139
0001140
0001141
0001142
0001143
0001144
0001145
0001146
0001147
0001148
0001149
0001150
0001151
0001152
0001153
0001154
0001155
0001156
0001157
0001158
0001159
0001160
0001161
0001162
0001163
0001164
0001165
0001166
0001167
0001168
0001169
0001170
0001171
0001172
0001173
0001174
0001175
0001176
0001177
0001178
0001179
0001180
0001181
0001182
0001183
0001184
0001185
0001186
0001187
0001188
0001189
0001190
0001191
0001192
0001193
0001194
0001195
0001196
0001197
0001198
0002000
0002001
0002002
0002003
0002004
0002005
0002006
0002007
0002008
0002009
0002010
0002011
0002012
0002013
0002014
0002015
0002016
0002017
0002018
0002019
0002020
0002021
0002022
0002023
0002024
0002025
0002026
0002027
0002028
0002029
0002030
0002031
0002032
0002033
0002034
0002035
0002036
0002037
0002038
0002039
0002040
0002041
0002042
0002043
0002044
0002045
0002046
0002047
0002048
0002049
0002050
0002051
0002052
0002053
0002054
0002055
0002056
0002057
0002058
0002059
0002060
0002061
0002062
0002063
0002064
0002065
0002066
0002067
0002068
0002069
0002070
0002071
0002072
0002073
0002074
0002075
0002076
0002077
0002078
0002079
0002080
ls
0002081
0002082
0002083
0002084
0002085
0002086
0002087
0002088
0002089
0002090
0002091
0002092
0002093
0002094
0002095
0002096
0002097
0002098
0002099
0002100
0002101
0002102
0002103
0002104
0002105
0002106
0002107
0002108
0002109
0002110
0002111
0002112
0002113
0002114
0002115
0002116
0002117
0002118
0002119
0002120
0002121
0002122
0002123
0002124
0002125
0002126
0002127
0002128
0002129
0002130
0002131
0002132
0002133
0002134
0002135
0002136
0002137
0002138
0002139
0002140
0002141
0002142
0002143
0002144
0002145
0002146
0002147
0002148
0002149
0002150
0002151
0002152
0002153
0002154
0002155
0002156
0002157
0002158
0002159
0002160
0002161
0002162
0002163
0002164
0002165
0002166
0002167
0002168
0002169
0002170
0002171
0002172
0002173
0002174
0002175
0002176
0002177
0002178
0002179
0002180
0002181
0002182
0002183
0002184
0002185
0002186
0002187
0002188
0002189
0002190
0002191
0002192
0002193
0002194
0002195
0002196
0002197
0002198
0003000
0003001
0003002
0003003
0003004
0003005
0003006
0003007
0003008
0003009
0003010
0003011
0003012
0003013
0003014
0003015
0003016
0003017
0003018
0003019
0003020
0003021
0003022
0003023
0003024
0003025
0003026
0003027
0003028
0003029
0003030
0003031
0003032
0003033
0003034
0003035
0003036
0003037
0003038
0003039
0003040
0003041
0003042
0003043
0003044
0003045
0003046
0003047
0003048
0003049
0003050
0003051
0003052
0003053
0003054
0003055
0003056
0003057
0003058
0003059
0003060
0003061
0003062
0003063
0003064
0003065
0003066
0003067
0003068
0003069
0003070
0003071
0003072
0003073
0003074
0003075
0003076
0003077
0003078
0003079
0003080
0003081
0003082
0003083
0003084
0003085
0003086
0003087
0003088
0003089
0003090
0003091
0003092
0003093
0003094
0003095
0003096
0003097
0003098
0003099
0003100
0003101
0003102
0003103
0003104
0003105
0003106
0003107
0003108
0003109
0003110
0003111
0003112
0003113
0003114
0003115
0003116
0003117
0003118
0003119
0003120
0003121
0003122
0003123
0003124
0003125
0003126
0003127
0003128
0003129
0003130
0003131
0003132
0003133
0003134
0003135
0003136
0003137
0003138
0003139
0003140
0003141
0003142
0003143
0003144
0003145
0003146
0003147
0003148
0003149
0003150
0003151
0003152
0003153
0003154
0003155
0003156
0003157
0003158
0003159
0003160
0003161
0003162
0003163
0003164
0003165
0003166
0003167
0003168
0003169
0003170
0003171
0003172
0003173
0003174
0003175
0003176
0003177
0003178
0003179
0003180
0003181
0003182
0003183
0003184
0003185
0003186
0003187
0003188
0003189
0003190
0003191
0003192
0003193
0003194
0003195
0003196
0003197
0004000
0004001
0004002
0004003
0004004
0004005
0004006
0004007
0004008
0004009
0004010
0004011
0004012
0004013
0004014
0004015
0004016
0004017
0004018
0004019
0004020
0004021
0004022
0004023
0004024
0004025
0004026
0004027
0004028
0004029
0004030
0004031
0004032
0004033
0004034
0004035
0004036
0004037
0004038
0004039
0004040
0004041
0004042
0004043
0004044
0004045
0004046
0004047
0004048
0004049
0004050
0004051
0004052
0004053
0004054
0004055
0004056
0004057
0004058
0004059
0004060
0004061
0004062
0004063
0004064
0004065
0004066
0004067
0004068
0004069
0004070
0004071
0004072
0004073
0004074
0004075
0004076
0004077
0004078
0004079
0004080
0004081
0004082
0004083
0004084
0004085
0004086
0004087
0004088
0004089
0004090
0004091
0004092
0004093
0004094
0004095
0004096
0004097
0004098
0004099
0004100
0004101
0004102
0004103
0004104
0004105
0004106
0004107
0004108
0004109
0004110
0004111
0004112
0004113
0004114
0004115
0004116
0004117
0004118
0004119
0004120
0004121
0004122
0004123
0004124
0004125
0004126
0004127
0004128
0004129
0004130
0004131
0004132
0004133
0004134
0004135
0004136
0004137
0004138
0004139
0004140
0004141
0004142
0004143
0004144
0004145
0004146
0004147
0004148
0004149
0004150
0004151
0004152
0004153
0004154
0004155
0004156
0004157
0004158
0004159
0004160
0004161
0004162
0004163
0004164
0004165
0004166
0004167
0004168
0004169
0004170
0004171
0004172
0004173
0004174
0004175
0004176
0004177
0004178
0004179
0004180
0004181
0004182
0004183
0004184
0004185
0004186
0004187
0004188
0004189
0004190
0004191
0004192
0004193
0004194
0004195
0004196
0004197
0005000
0005001
0005002
0005003
0005004
0005005
0005006
0005007
0005008
0005009
0005010
0005011
0005012
0005013
0005014
0005015
0005016
0005017
0005018
0005019
0005020
0005021
0005022
0005023
0005024
0005025
0005026
0005027
0005028
0005029
0005030
0005031
0005032
0005033
0005034
0005035
0005036
0005037
0005038
0005039
0005040
0005041
0005042
0005043
0005044
0005045
0005046
0005047
0005048
0005049
0005050
0005051
0005052
0005053
0005054
0005055
0005056
0005057
0005058
0005059
0005060
0005061
0005062
0005063
0005064
0005065
0005066
0005067
0005068
0005069
0005070
0005071
0005072
0005073
0005074
0005075
0005076
0005077
0005078
0005079
0005080
0005081
0005082
0005083
0005084
0005085
0005086
0005087
0005088
0005089
0005090
0005091
0005092
0005093
0005094
0005095
0005096
0005097
0005098
0005099
0005100
0005101
0005102
0005103
0005104
0005105
0005106
0005107
0005108
0005109
0005110
0005111
0005112
0005113
0005114
0005115
0005116
0005117
0005118
0005119
0005120
0005121
0005122
0005123
0005124
0005125
0005126
0005127
0005128
0005129
0005130
0005131
0005132
0005133
0005134
0005135
0005136
0005137
0005138
0005139
0005140
0005141
0005142
0005143
0005144
0005145
0005146
0005147
0005148
0005149
0005150
0005151
0005152
0005153
0005154
0005155
0005156
0005157
0005158
0005159
0005160
0005161
0005162
0005163
0005164
0005165
0005166
0005167
0005168
0005169
0005170
0005171
0005172
0005173
0005174
0005175
0005176
0005177
0005178
0005179
0005180
0005181
0005182
0005183
0005184
0005185
0005186
0005187
0005188
0005189
0005190
0005191
0005192
0005193
0005194
0005195
0005196
0005197
0006000
0006001
0006002
0006003
0006004
0006005
0006006
0006007
0006008
0006009
0006010
0006011
0006012
0006013
0006014
0006015
0006016
0006017
0006018
0006019
0006020
0006021
0006022
0006023
0006024
0006025
0006026
0006027
0006028
0006029
0006030
0006031
0006032
0006033
0006034
0006035
0006036
0006037
0006038
0006039
0006040
0006041
0006042
0006043
0006044
0006045
0006046
0006047
0006048
0006049
0006050
0006051
0006052
0006053
0006054
0006055
0006056
0006057
0006058
0006059
0006060
0006061
0006062
0006063
0006064
0006065
0006066
0006067
0006068
0006069
0006070
0006071
0006072
0006073
0006074
0006075
0006076
0006077
0006078
0006079
0006080
0006081
0006082
0006083
0006084
0006085
0006086
0006087
0006088
0006089
0006090
0006091
0006092
0006093
0006094
0006095

0006096
0006097
0006098
0006099
0006100
0006101
0006102
0006103
0006104
0006105
0006106
0006107
0006108
0006109
0006110
0006111
0006112
0006113
0006114
0006115
0006116
0006117
0006118
0006119
0006120
0006121
0006122
0006123
0006124
0006125
0006126
0006127
0006128
0006129
0006130
0006131
0006132
0006133
0006134
0006135
0006136
0006137
0006138
0006139
0006140
0006141
0006142
0006143
0006144
0006145
0006146
0006147
0006148
0006149
0006150
0006151
0006152
0006153
0006154
0006155
0006156
0006157
0006158
0006159
0006160
0006161
0006162
0006163
0006164
0006165
0006166
0006167
0006168
0006169
0006170
0006171
0006172
0006173
0006174
0006175
0006176
0006177
0006178
0006179
0006180
0006181
0006182
0006183
0006184
0006185
0006186
0006187
0006188
0006189
0006190
0006191
0006192
0006193
0006194
0006195
0006196
0006197
0006198
0007000
0007001
0007002
0007003
0007004
0007005
0007006
0007007
0007008
0007009
0007010
0007011
0007012
0007013
0007014
0007015
0007016
0007017
0007018
0007019
0007020
0007021
0007022
0007023
0007024
0007025
0007026
0007027
0007028
0007029
0007030
0007031
0007032
0007033
0007034
0007035
0007036
0007037
0007038
0007039
0007040
0007041
0007042
0007043
0007044
0007045
0007046
0007047
0007048
0007049
0007050
0007051
0007052
0007053
0007054
0007055
0007056
0007057
0007058
0007059
0007060
0007061
0007062
0007063
0007064
0007065
0007066
0007067
0007068
0007069
0007070
0007071
0007072
0007073
0007074
0007075
0007076
0007077
0007078
0007079
0007080
0007081
0007082
0007083
0007084
0007085
0007086
0007087
0007088
0007089
0007090
0007091
0007092
0007093
0007094
0007095
0007096
0007097
0007098
0007099
0007100
0007101
0007102
0007103
0007104
0007105
0007106
0007107
0007108
0007109
0007110
0007111
0007112
0007113
0007114
0007115
0007116
0007117
0007118
0007119
0007120
0007121
0007122
0007123
0007124
0007125
0007126
0007127
0007128
0007129
0007130
0007131
0007132
0007133
0007134
0007135
0007136
0007137
0007138
0007139
0007140
0007141
0007142
0007143
0007144
0007145
0007146
0007147
0007148
0007149
0007150
0007151
0007152
0007153
0007154
0007155
0007156
0007157
0007158
0007159
0007160
0007161
0007162
0007163
0007164
0007165
0007166
0007167
0007168
0007169
0007170
0007171
0007172
0007173
0007174
0007175
0007176
0007177
0007178
0007179
0007180
0007181
0007182
0007183
0007184
0007185
0007186
0007187
0007188
0007189
0007190
0007191
0007192
0007193
0007194
0007195
0007196
0008000
0008001
0008002
0008003
0008004
0008005
0008006
0008007
0008008
0008009
0008010
0008011
0008012
0008013
0008014
0008015
0008016
0008017
0008018
0008019
0008020
0008021
0008022
0008023
0008024
0008025
0008026
0008027
0008028
0008029
0008030
0008031
0008032
0008033
0008034
0008035
0008036
0008037
0008038
0008039
0008040
0008041
0008042
0008043
0008044
0008045
0008046
0008047
0008048
0008049
0008050
0008051
0008052
0008053
0008054
0008055
0008056
0008057
0008058
0008059
0008060
0008061
0008062
0008063
0008064
0008065
0008066
0008067
0008068
0008069
0008070
0008071
0008072
0008073
0008074
0008075
0008076
0008077
0008078
0008079
0008080
0008081
0008082
0008083
0008084
0008085
0008086
0008087
0008088
0008089
0008090
0008091
0008092
0008093
0008094
0008095
0008096
0008097
0008098
0008099
0008100
0008101
0008102
0008103
0008104
0008105
0008106
0008107
0008108
0008109
0008110
0008111
0008112
0008113
0008114
0008115
0008116
0008117
0008118
0008119
0008120
0008121
0008122
0008123
0008124
0008125
0008126
0008127
0008128
0008129
0008130
0008131
0008132
0008133
0008134
0008135
0008136
0008137
0008138
0008139
0008140
0008141
0008142
0008143
0008144
0008145
0008146
0008147
0008148
0008149
0008150
0008151
0008152
0008153
0008154
0008155
0008156
0008157
0008158
0008159
0008160
0008161
0008162
0008163
0008164
0008165
0008166
0008167
0008168
0008169
0008170
0008171
0008172
0008173
0008174
0008175
0008176
0008177
0008178
0008179
0008180
0008181
0008182
0008183
0008184
0008185
0008186
0008187
0008188
0008189
0008190
0008191
0008192
0008193
0008194
0008195
0008196
0008197
0008198
0009000
0009001
0009002
0009003
0009004
0009005
0009006
0009007
0009008
0009009
0009010
0009011
0009012
0009013
0009014
0009015
0009016
0009017
0009018
0009019
0009020
0009021
0009022
0009023
0009024
0009025
0009026
0009027
0009028
0009029
0009030
0009031
0009032
0009033
0009034
0009035
0009036
0009037
0009038
0009039
0009040
0009041
0009042
0009043
0009044
0009045
0009046
0009047
0009048
0009049
0009050
0009051
0009052
0009053
0009054
0009055
0009056
0009057
0009058
0009059
0009060
0009061
0009062
0009063
0009064
0009065
0009066
0009067
0009068
0009069
0009070
0009071
0009072
0009073
0009074
0009075
0009076
0009077
0009078
0009079
0009080
0009081
0009082
0009083
0009084
0009085
0009086
0009087
0009088
0009089
0009090
0009091
0009092
0009093
0009094
0009095
0009096
0009097
0009098
0009099
0009100
0009101
0009102
0009103
0009104
0009105
0009106
0009107
0009108
0009109
0009110
0009111
0009112
0009113
0009114
0009115
0009116
0009117
0009118
0009119
0009120
0009121
0009122
0009123
0009124
0009125
0009126
0009127
0009128
0009129
0009130
0009131
0009132
0009133
0009134
0009135
0009136
0009137
0009138
0009139
0009140
0009141
0009142
0009143
0009144
0009145
0009146
0009147
0009148
0009149
0009150
0009151
0009152
0009153
0009154
0009155
0009156
0009157
0009158
0009159
0009160
0009161
0009162
0009163
0009164
0009165
0009166
0009167
0009168
0009169
0009170
0009171
0009172
0009173
0009174
0009175
0009176
0009177
0009178
0009179
0009180
0009181
0009182
0009183
0009184
0009185
0009186
0009187
0009188
0009189
0009190
0009191
0009192
0009193
0009194
0009195
0009196
0009197
0010000
0010001
0010002
0010003
0010004
0010005
0010006
0010007
0010008
0010009
0010010
0010011
0010012
0010013
0010014
0010015
0010016
0010017
0010018
0010019
0010020
0010021
0010022
0010023
0010024
0010025
0010026
0010027
0010028
0010029
0010030
0010031
0010032
0010033
0010034
0010035
0010036
0010037
0010038
0010039
0010040
0010041
0010042
0010043
0010044
0010045
0010046
0010047
0010048
0010049
0010050
0010051
0010052
0010053
0010054
0010055
0010056
0010057
0010058
0010059
0010060
0010061
0010062
0010063
0010064
0010065
0010066
0010067
0010068
0010069
0010070
0010071
0010072
0010073
0010074
0010075
0010076
0010077
0010078
0010079
0010080
0010081
0010082
0010083
0010084
0010085
0010086
0010087
0010088
0010089
0010090
0010091
0010092
0010093
0010094
0010095
0010096
0010097
0010098
0010099
0010100
0010101
0010102
0010103
0010104
0010105
0010106
0010107
0010108
0010109
0010110

0010111
0010112
0010113
0010114
0010115
0010116
0010117
0010118
0010119
0010120
0010121
0010122
0010123
0010124
0010125
0010126
0010127
0010128
0010129
0010130
0010131
0010132
0010133
0010134
0010135
0010136
0010137
0010138
0010139
0010140
0010141
0010142
0010143
0010144
0010145
0010146
0010147
0010148
0010149
0010150
0010151
0010152
0010153
0010154
0010155
0010156
0010157
0010158
0010159
0010160
0010161
0010162
0010163
0010164
0010165
0010166
0010167
0010168
0010169
0010170
0010171
0010172
0010173
0010174
0010175
0010176
0010177
0010178
0010179
0010180
0010181
0010182
0010183
0010184
0010185
0010186
0010187
0010188
0010189
0010190
0010191
0010192
0010193
0010194
0010195
0010196
0010197
0010198
0011000
0011001
0011002
0011003
0011004
0011005
0011006
0011007
0011008
0011009
0011010
0011011
0011012
0011013
0011014
0011015
0011016
0011017
0011018
0011019
0011020
0011021
0011022
0011023
0011024
0011025
0011026
0011027
0011028
0011029
0011030
0011031
0011032
0011033
0011034
0011035
0011036
0011037
0011038
0011039
0011040
0011041
0011042
0011043
0011044
0011045
0011046
0011047
0011048
0011049
0011050
0011051
0011052
0011053
0011054
0011055
0011056
0011057
0011058
0011059
0011060
0011061
0011062
0011063
0011064
0011065
0011066
0011067
0011068
0011069
0011070
0011071
0011072
0011073
0011074
0011075
0011076
0011077
0011078
0011079
0011080
0011081
0011082
0011083
0011084
0011085
0011086
0011087
0011088
0011089
0011090
0011091
0011092
0011093
0011094
0011095
0011096
0011097
0011098
0011099
0011100
0011101
0011102
0011103
0011104
0011105
0011106
0011107
0011108
0011109
0011110
0011111
0011112
0011113
0011114
0011115
0011116
0011117
0011118
0011119
0011120
0011121
0011122
0011123
0011124
0011125
0011126
0011127
0011128
0011129
0011130
0011131
0011132
0011133
0011134
0011135
0011136
0011137
0011138
0011139
0011140
0011141
0011142
0011143
0011144
0011145
0011146
0011147
0011148
0011149
0011150
0011151
0011152
0011153
0011154
0011155
0011156
0011157
0011158
0011159
0011160
0011161
0011162
0011163
0011164
0011165
0011166
0011167
0011168
0011169
0011170
0011171
0011172
0011173
0011174
0011175
0011176
0011177
0011178
0011179
0011180
0011181
0011182
0011183
0011184
0011185
0011186
0011187
0011188
0011189
0011190
0011191
0011192
0011193
0011194
0011195
0011196
0011197
0012000
0012001
0012002
0012003
0012004
0012005
0012006
0012007
0012008
0012009
0012010
0012011
0012012
0012013
0012014
0012015
0012016
0012017
0012018
0012019
0012020
0012021
0012022
0012023
0012024
0012025
0012026
0012027
0012028
0012029
0012030
0012031
0012032
0012033
0012034
0012035
0012036
0012037
0012038
0012039
0012040
0012041
0012042
0012043
0012044
0012045
0012046
0012047
0012048
0012049
0012050
0012051
0012052
0012053
0012054
0012055
0012056
0012057
0012058
0012059
0012060
0012061
0012062
0012063
0012064
0012065
0012066
0012067
0012068
0012069
0012070
0012071
0012072
0012073
0012074
0012075
0012076
0012077
0012078
0012079
0012080
0012081
0012082
0012083
0012084
0012085
0012086
0012087
0012088
0012089
0012090
0012091
0012092
0012093
0012094
0012095
0012096
0012097
0012098
0012099
0012100
0012101
0012102
0012103
0012104
0012105
0012106
0012107
0012108
0012109
0012110
0012111
0012112
0012113
0012114
0012115
0012116
0012117
0012118
0012119
0012120
0012121
0012122
0012123
0012124
0012125
0012126
0012127
0012128
0012129
0012130
0012131
0012132
0012133
0012134
0012135
0012136
0012137
0012138
0012139
0012140
0012141
0012142
0012143
0012144
0012145
0012146
0012147
0012148
0012149
0012150
0012151
0012152
0012153
0012154
0012155
0012156
0012157
0012158
0012159
0012160
0012161
0012162
0012163
0012164
0012165
0012166
0012167
0012168
0012169
0012170
0012171
0012172
0012173
0012174
0012175
0012176
0012177
0012178
0012179
0012180
0012181
0012182
0012183
0012184
0012185
0012186
0012187
0012188
0012189
0012190
0012191
0012192
0012193
0012194
0012195
0012196
0012197
0013000
0013001
0013002
0013003
0013004
0013005
0013006
0013007
0013008
0013009
0013010
0013011
0013012
0013013
0013014
0013015
0013016
0013017
0013018
0013019
0013020
0013021
0013022
0013023
0013024
0013025
0013026
0013027
0013028
0013029
0013030
0013031
0013032
0013033
0013034
0013035
0013036
0013037
0013038
0013039
0013040
0013041
0013042
0013043
0013044
0013045
0013046
0013047
0013048
0013049
0013050
0013051
0013052
0013053
0013054
0013055
0013056
0013057
0013058
0013059
0013060
0013061
0013062
0013063
0013064
0013065
0013066
0013067
0013068
0013069
0013070
0013071
0013072
0013073
0013074
0013075
0013076
0013077
0013078
0013079
0013080
0013081
0013082
0013083
0013084
0013085
0013086
0013087
0013088
0013089
0013090
0013091
0013092
0013093
0013094
0013095
0013096
0013097
0013098
0013099
0013100
0013101
0013102
0013103
0013104
0013105
0013106
0013107
0013108
0013109
0013110
0013111
0013112
0013113
0013114
0013115
0013116
0013117
0013118
0013119
0013120
0013121
0013122
0013123
0013124
0013125
0013126
0013127
0013128
0013129
0013130
0013131
0013132
0013133
0013134
0013135
0013136
0013137
0013138
0013139
0013140
0013141
0013142
0013143
0013144
0013145
0013146
0013147
0013148
0013149
0013150
0013151
0013152
0013153
0013154
0013155
0013156
0013157
0013158
0013159
0013160
0013161
0013162
0013163
0013164
0013165
0013166
0013167
0013168
0013169
0013170
0013171
0013172
0013173
0013174
0013175
0013176
0013177
0013178
0013179
0013180
0013181
0013182
0013183
0013184
0013185
0013186
0013187
0013188
0013189
0013190
0013191
0013192
0013193
0013194
0013195
0013196
0013197
0014000
0014001
0014002
0014003
0014004
0014005
0014006
0014007
0014008
0014009
0014010
0014011
0014012
0014013
0014014
0014015
0014016
0014017
0014018
0014019
0014020
0014021
0014022
0014023
0014024
0014025
0014026
0014027
0014028
0014029
0014030
0014031
0014032
0014033
0014034
0014035
0014036
0014037
0014038
0014039
0014040
0014041
0014042
0014043
0014044
0014045
0014046
0014047
0014048
0014049
0014050
0014051
0014052
0014053
0014054
0014055
0014056
0014057
0014058
0014059
0014060
0014061
0014062
0014063
0014064
0014065
0014066
0014067
0014068
0014069
0014070
0014071
0014072
0014073
0014074
0014075
0014076
0014077
0014078
0014079
0014080
0014081
0014082
0014083
0014084
0014085
0014086
0014087
0014088
0014089
0014090
0014091
0014092
0014093
0014094
0014095
0014096
0014097
0014098
0014099
0014100
0014101
0014102
0014103
0014104
0014105
0014106
0014107
0014108
0014109
0014110
0014111
0014112
0014113
0014114
0014115
0014116
0014117
0014118
0014119
0014120
0014121
0014122
0014123
0014124
0014125

0014126
0014127
0014128
0014129
0014130
0014131
0014132
0014133
0014134
0014135
0014136
0014137
0014138
0014139
0014140
0014141
0014142
0014143
0014144
0014145
0014146
0014147
0014148
0014149
0014150
0014151
0014152
0014153
0014154
0014155
0014156
0014157
0014158
0014159
0014160
0014161
0014162
0014163
0014164
0014165
0014166
0014167
0014168
0014169
0014170
0014171
0014172
0014173
0014174
0014175
0014176
0014177
0014178
0014179
0014180
0014181
0014182
0014183
0014184
0014185
0014186
0014187
0014188
0014189
0014190
0014191
0014192
0014193
0014194
0014195
0014196
0014197
0015000
0015001
0015002
0015003
0015004
0015005
0015006
0015007
0015008
0015009
0015010
0015011
0015012
0015013
0015014
0015015
0015016
0015017
0015018
0015019
0015020
0015021
0015022
0015023
0015024
0015025
0015026
0015027
0015028
0015029
0015030
0015031
0015032
0015033
0015034
0015035
0015036
0015037
0015038
0015039
0015040
0015041
0015042
0015043
0015044
0015045
0015046
0015047
0015048
0015049
0015050
0015051
0015052
0015053
0015054
0015055
0015056
0015057
0015058
0015059
0015060
0015061
0015062
0015063
0015064
0015065
0015066
0015067
0015068
0015069
0015070
0015071
0015072
0015073
0015074
0015075
0015076
0015077
0015078
0015079
0015080
0015081
0015082
0015083
0015084
0015085
0015086
0015087
0015088
0015089
0015090
0015091
0015092
0015093
0015094
0015095
0015096
0015097
0015098
0015099
0015100
0015101
0015102
0015103
0015104
0015105
0015106
0015107
0015108
0015109
0015110
0015111
0015112
0015113
0015114
0015115
0015116
0015117
0015118
0015119
0015120
0015121
0015122
0015123
0015124
0015125
0015126
0015127
0015128
0015129
0015130
0015131
0015132
0015133
0015134
0015135
0015136
0015137
0015138
0015139
0015140
0015141
0015142
0015143
0015144
0015145
0015146
0015147
0015148
0015149
0015150
0015151
0015152
0015153
0015154
0015155
0015156
0015157
0015158
0015159
0015160
0015161
0015162
0015163
0015164
0015165
0015166
0015167
0015168
0015169
0015170
0015171
0015172
0015173
0015174
0015175
0015176
0015177
0015178
0015179
0015180
0015181
0015182
0015183
0015184
0015185
0015186
0015187
0015188
0015189
0015190
0015191
0015192
0015193
0015194
0015195
0015196
0015197
0016000
0016001
0016002
0016003
0016004
0016005
0016006
0016007
0016008
0016009
0016010
0016011
0016012
0016013
0016014
0016015
0016016
0016017
0016018
0016019
0016020
0016021
0016022
0016023
0016024
0016025
0016026
0016027
0016028
0016029
0016030
0016031
0016032
0016033
0016034
0016035
0016036
0016037
0016038
0016039
0016040
0016041
0016042
0016043
0016044
0016045
0016046
0016047
0016048
0016049
0016050
0016051
0016052
0016053
0016054
0016055
0016056
0016057
0016058
0016059
0016060
0016061
0016062
0016063
0016064
0016065
0016066
0016067
0016068
0016069
0016070
0016071
0016072
0016073
0016074
0016075
0016076
0016077
0016078
0016079
0016080
0016081
0016082
0016083
0016084
0016085
0016086
0016087
0016088
0016089
0016090
0016091
0016092
0016093
0016094
0016095
0016096
0016097
0016098
0016099
0016100
0016101
0016102
0016103
0016104
0016105
0016106
0016107
0016108
0016109
0016110
0016111
0016112
0016113
0016114
0016115
0016116
0016117
0016118
0016119
0016120
0016121
0016122
0016123
0016124
0016125
0016126
0016127
0016128
0016129
0016130
0016131
0016132
0016133
0016134
0016135
0016136
0016137
0016138
0016139
0016140
0016141
0016142
0016143
0016144
0016145
0016146
0016147
0016148
0016149
0016150
0016151
0016152
0016153
0016154
0016155
0016156
0016157
0016158
0016159
0016160
0016161
0016162
0016163
0016164
0016165
0016166
0016167
0016168
0016169
0016170
0016171
0016172
0016173
0016174
0016175
0016176
0016177
0016178
0016179
0016180
0016181
0016182
0016183
0016184
0016185
0016186
0016187
0016188
0016189
0016190
0016191
0016192
0016193
0016194
0016195
0016196
0016197
0016198
0017000
0017001
0017002
0017003
0017004
0017005
0017006
0017007
0017008
0017009
0017010
0017011
0017012
0017013
0017014
0017015
0017016
0017017
0017018
0017019
0017020
0017021
0017022
0017023
0017024
0017025
0017026
0017027
0017028
0017029
0017030
0017031
0017032
0017033
0017034
0017035
0017036
0017037
0017038
0017039
0017040
0017041
0017042
0017043
0017044
0017045
0017046
0017047
0017048
0017049
0017050
0017051
0017052
0017053
0017054
0017055
0017056
0017057
0017058
0017059
0017060
0017061
0017062
0017063
0017064
0017065
0017066
0017067
0017068
0017069
0017070
0017071
0017072
0017073
0017074
0017075
0017076
0017077
0017078
0017079
0017080
0017081
0017082
0017083
0017084
0017085
0017086
0017087
0017088
0017089
0017090
0017091
0017092
0017093
0017094
0017095
0017096
0017097
0017098
0017099
0017100
0017101
0017102
0017103
0017104
0017105
0017106
0017107
0017108
0017109
0017110
0017111
0017112
0017113
0017114
0017115
0017116
0017117
0017118
0017119
0017120
0017121
0017122
0017123
0017124
0017125
0017126
0017127
0017128
0017129
0017130
0017131
0017132
0017133
0017134
0017135
0017136
0017137
0017138
0017139
0017140
0017141
0017142
0017143
0017144
0017145
0017146
0017147
0017148
0017149
0017150
0017151
0017152
0017153
0017154
0017155
0017156
0017157
0017158
0017159
0017160
0017161
0017162
0017163
0017164
0017165
0017166
0017167
0017168
0017169
0017170
0017171
0017172
0017173
0017174
0017175
0017176
0017177
0017178
0017179
0017180
0017181
0017182
0017183
0017184
0017185
0017186
0017187
0017188
0017189
0017190
0017191
0017192
0017193
0017194
0017195
0017196
0017197
0017198
0018000
0018001
0018002
0018003
0018004
0018005
0018006
0018007
0018008
0018009
0018010
0018011
0018012
0018013
0018014
0018015
0018016
0018017
0018018
0018019
0018020
0018021
0018022
0018023
0018024
0018025
0018026
0018027
0018028
0018029
0018030
0018031
0018032
0018033
0018034
0018035
0018036
0018037
0018038
0018039
0018040
0018041
0018042
0018043
0018044
0018045
0018046
0018047
0018048
0018049
0018050
0018051
0018052
0018053
0018054
0018055
0018056
0018057
0018058
0018059
0018060
0018061
0018062
0018063
0018064
0018065
0018066
0018067
0018068
0018069
0018070
0018071
0018072
0018073
0018074
0018075
0018076
0018077
0018078
0018079
0018080
0018081
0018082
0018083
0018084
0018085
0018086
0018087
0018088
0018089
0018090
0018091
0018092
0018093
0018094
0018095
0018096
0018097
0018098
0018099
0018100
0018101
0018102
0018103
0018104
0018105
0018106
0018107
0018108
0018109
0018110
0018111
0018112
0018113
0018114
0018115
0018116
0018117
0018118
0018119
0018120
0018121
0018122
0018123
0018124
0018125
0018126
0018127
0018128
0018129
0018130
0018131
0018132
0018133
0018134
0018135
0018136
0018137
0018138
0018139

0018140
0018141
0018142
0018143
0018144
0018145
0018146
0018147
0018148
0018149
0018150
0018151
0018152
0018153
0018154
0018155
0018156
0018157
0018158
0018159
0018160
0018161
0018162
0018163
0018164
0018165
0018166
0018167
0018168
0018169
0018170
0018171
0018172
0018173
0018174
0018175
0018176
0018177
0018178
0018179
0018180
0018181
0018182
0018183
0018184
0018185
0018186
0018187
0018188
0018189
0018190
0018191
0018192
0018193
0018194
0018195
0018196
0018197
0019000
0019001
0019002
0019003
0019004
0019005
0019006
0019007
0019008
0019009
0019010
0019011
0019012
0019013
0019014
0019015
0019016
0019017
0019018
0019019
0019020
0019021
0019022
0019023
0019024
0019025
0019026
0019027
0019028
0019029
0019030
0019031
0019032
0019033
0019034
0019035
0019036
0019037
0019038
0019039
0019040
0019041
0019042
0019043
0019044
0019045
0019046
0019047
0019048
0019049
0019050
0019051
0019052
0019053
0019054
0019055
0019056
0019057
0019058
0019059
0019060
0019061
0019062
0019063
0019064
0019065
0019066
0019067
0019068
0019069
0019070
0019071
0019072
0019073
0019074
0019075
0019076
0019077
0019078
0019079
0019080
0019081
0019082
0019083
0019084
0019085
0019086
0019087
0019088
0019089
0019090
0019091
0019092
0019093
0019094
0019095
0019096
0019097
0019098
0019099
0019100
0019101
0019102
0019103
0019104
0019105
0019106
0019107
0019108
0019109
0019110
0019111
0019112
0019113
0019114
0019115
0019116
0019117
0019118
0019119
0019120
0019121
0019122
0019123
0019124
0019125
0019126
0019127
0019128
0019129
0019130
0019131
0019132
0019133
0019134
0019135
0019136
0019137
0019138
0019139
0019140
0019141
0019142
0019143
0019144
0019145
0019146
0019147
0019148
0019149
0019150
0019151
0019152
0019153
0019154
0019155
0019156
0019157
0019158
0019159
0019160
0019161
0019162
0019163
0019164
0019165
0019166
0019167
0019168
0019169
0019170
0019171
0019172
0019173
0019174
0019175
0019176
0019177
0019178
0019179
0019180
0019181
0019182
0019183
0019184
0019185
0019186
0019187
0019188
0019189
0019190
0019191
0019192
0019193
0019194
0019195
0019196
0019197
0020000
0020001
0020002
0020003
0020004
0020005
0020006
0020007
0020008
0020009
0020010
0020011
0020012
0020013
0020014
0020015
0020016
0020017
0020018
0020019
0020020
0020021
0020022
0020023
0020024
0020025
0020026
0020027
0020028
0020029
0020030
0020031
0020032
0020033
0020034
0020035
0020036
0020037
0020038
0020039
0020040
0020041
0020042
0020043
0020044
0020045
0020046
0020047
0020048
0020049
0020050
0020051
0020052
0020053
0020054
0020055
0020056
0020057
0020058
0020059
0020060
0020061
0020062
0020063
0020064
0020065
0020066
0020067
0020068
0020069
0020070
0020071
0020072
0020073
0020074
0020075
0020076
0020077
0020078
0020079
0020080
0020081
0020082
0020083
0020084
0020085
0020086
0020087
0020088
0020089
0020090
0020091
0020092
0020093
0020094
0020095
0020096
0020097
0020098
0020099
0020100
0020101
0020102
0020103
0020104
0020105
0020106
0020107
0020108
0020109
0020110
0020111
0020112
0020113
0020114
0020115
0020116
0020117
0020118
0020119
0020120
0020121
0020122
0020123
0020124
0020125
0020126
0020127
0020128
0020129
0020130
0020131
0020132
0020133
0020134
0020135
0020136
0020137
0020138
0020139
0020140
0020141
0020142
0020143
0020144
0020145
0020146
0020147
0020148
0020149
0020150
0020151
0020152
0020153
0020154
0020155
0020156
0020157
0020158
0020159
0020160
0020161
0020162
0020163
0020164
0020165
0020166
0020167
0020168
0020169
0020170
0020171
0020172
0020173
0020174
0020175
0020176
0020177
0020178
0020179
0020180
0020181
0020182
0020183
0020184
0020185
0020186
0020187
0020188
0020189
0020190
0020191
0020192
0020193
0020194
0020195
0020196
0020197
0021000
0021001
0021002
0021003
0021004
0021005
0021006
0021007
0021008
0021009
0021010
0021011
0021012
0021013
0021014
0021015
0021016
0021017
0021018
0021019
0021020
0021021
0021022
0021023
0021024
0021025
0021026
0021027
0021028
0021029
0021030
0021031
0021032
0021033
0021034
0021035
0021036
0021037
0021038
0021039
0021040
0021041
0021042
0021043
0021044
0021045
0021046
0021047
0021048
0021049
0021050
0021051
0021052
0021053
0021054
0021055
0021056
0021057
0021058
0021059
0021060
0021061
0021062
0021063
0021064
0021065
0021066
0021067
0021068
0021069
0021070
0021071
0021072
0021073
0021074
0021075
0021076
0021077
0021078
0021079
0021080
0021081
0021082
0021083
0021084
0021085
0021086
0021087
0021088
0021089
0021090
0021091
0021092
0021093
0021094
0021095
0021096
0021097
0021098
0021099
0021100
0021101
0021102
0021103
0021104
0021105
0021106
0021107
0021108
0021109
0021110
0021111
0021112
0021113
0021114
0021115
0021116
0021117
0021118
0021119
0021120
0021121
0021122
0021123
0021124
0021125
0021126
0021127
0021128
0021129
0021130
0021131
0021132
0021133
0021134
0021135
0021136
0021137
0021138
0021139
0021140
0021141
0021142
0021143
0021144
0021145
0021146
0021147
0021148
0021149
0021150
0021151
0021152
0021153
0021154
0021155
0021156
0021157
0021158
0021159
0021160
0021161
0021162
0021163
0021164
0021165
0021166
0021167
0021168
0021169
0021170
0021171
0021172
0021173
0021174
0021175
0021176
0021177
0021178
0021179
0021180
0021181
0021182
0021183
0021184
0021185
0021186
0021187
0021188
0021189
0021190
0021191
0021192
0021193
0021194
0021195
0021196
0021197
0021198
0022000
0022001
0022002
0022003
0022004
0022005
0022006
0022007
0022008
0022009
0022010
0022011
0022012
0022013
0022014
0022015
0022016
0022017
0022018
0022019
0022020
0022021
0022022
0022023
0022024
0022025
0022026
0022027
0022028
0022029
0022030
0022031
0022032
0022033
0022034
0022035
0022036
0022037
0022038
0022039
0022040
0022041
0022042
0022043
0022044
0022045
0022046
0022047
0022048
0022049
0022050
0022051
0022052
0022053
0022054
0022055
0022056
0022057
0022058
0022059
0022060
0022061
0022062
0022063
0022064
0022065
0022066
0022067
0022068
0022069
0022070
0022071
0022072
0022073
0022074
0022075
0022076
0022077
0022078
0022079
0022080
0022081
0022082
0022083
0022084
0022085
0022086
0022087
0022088
0022089
0022090
0022091
0022092
0022093
0022094
0022095
0022096
0022097
0022098
0022099
0022100
0022101
0022102
0022103
0022104
0022105
0022106
0022107
0022108
0022109
0022110
0022111
0022112
0022113
0022114
0022115
0022116
0022117
0022118
0022119
0022120
0022121
0022122
0022123
0022124
0022125
0022126
0022127
0022128
0022129
0022130
0022131
0022132
0022133
0022134
0022135
0022136
0022137
0022138
0022139
0022140
0022141
0022142
0022143
0022144
0022145
0022146
0022147
0022148
0022149
0022150
0022151
0022152
0022153
0022154

0022155
0022156
0022157
0022158
0022159
0022160
0022161
0022162
0022163
0022164
0022165
0022166
0022167
0022168
0022169
0022170
0022171
0022172
0022173
0022174
0022175
0022176
0022177
0022178
0022179
0022180
0022181
0022182
0022183
0022184
0022185
0022186
0022187
0022188
0022189
0022190
0022191
0022192
0022193
0022194
0022195
0022196
0022197
0022198
0023000
0023001
0023002
0023003
0023004
0023005
0023006
0023007
0023008
0023009
0023010
0023011
0023012
0023013
0023014
0023015
0023016
0023017
0023018
0023019
0023020
0023021
0023022
0023023
0023024
0023025
0023026
0023027
0023028
0023029
0023030
0023031
0023032
0023033
0023034
0023035
0023036
0023037
0023038
0023039
0023040
0023041
0023042
0023043
0023044
0023045
0023046
0023047
0023048
0023049
0023050
0023051
0023052
0023053
0023054
0023055
0023056
0023057
0023058
0023059
0023060
0023061
0023062
0023063
0023064
0023065
0023066
0023067
0023068
0023069
0023070
0023071
0023072
0023073
0023074
0023075
0023076
0023077
0023078
0023079
0023080
0023081
0023082
0023083
0023084
0023085
0023086
0023087
0023088
0023089
0023090
0023091
0023092
0023093
0023094
0023095
0023096
0023097
0023098
0023099
0023100
0023101
0023102
0023103
0023104
0023105
0023106
0023107
0023108
0023109
0023110
0023111
0023112
0023113
0023114
0023115
0023116
0023117
0023118
0023119
0023120
0023121
0023122
0023123
0023124
0023125
0023126
0023127
0023128
0023129
0023130
0023131
0023132
0023133
0023134
0023135
0023136
0023137
0023138
0023139
0023140
0023141
0023142
0023143
0023144
0023145
0023146
0023147
0023148
0023149
0023150
0023151
0023152
0023153
0023154
0023155
0023156
0023157
0023158
0023159
0023160
0023161
0023162
0023163
0023164
0023165
0023166
0023167
0023168
0023169
0023170
0023171
0023172
0023173
0023174
0023175
0023176
0023177
0023178
0023179
0023180
0023181
0023182
0023183
0023184
0023185
0023186
0023187
0023188
0023189
0023190
0023191
0023192
0023193
0023194
0023195
0023196
0023197
0023198
1000000
1000001
1000002
1000003
1000004
1000005
1000006
1000007
1000008
1000009
1000010
1000011
1000012
1000013
1000014
1000015
1000016
1000017
1000018
1000019
1000020
1000021
1000022
1000023
1000024
1000025
1000026
1000027
1000028
1000029
1000030
1000031
1000032
1000033
1000034
1000035
1000036
1000037
1000038
1000039
1000040
1000041
1000042
1000043
1000044
1000045
1000046
1000047
1000048
1000049
1000050
1000051
1000052
1000053
1000054
1000055
1000056
1000057
1000058
1000059
1000060
1000061
1000062
1000063
1000064
1000065
1000066
1000067
1000068
1000069
1000070
1000071
1000072
1000073
1000074
1000075
1000076
1000077
1000078
1000079
1000080
1000081
1000082
1000083
1000084
1000085
1000086
1000087
1000088
1000089
1000090
1000091
1000092
1000093
1000094
1000095
1000096
1000097
1000098
1000099
1000100
1000101
1000102
1000103
1000104
1000105
1000106
1000107
1000108
1000109
1000110
1000111
1000112
1000113
1000114
1000115
1000116
1000117
1000118
1000119
1000120
1000121
1000122
1000123
1000124
1000125
1000126
1000127
1000128
1000129
1000130
1000131
1000132
1000133
1000134
1000135
1000136
1000137
1000138
1000139
1000140
1000141
1000142
1000143
1000144
1000145
1000146
1000147
1000148
1000149
1000150
1000151
1000152
1000153
1000154
1000155
1000156
1000157
1000158
1000159
1000160
1000161
1000162
1000163
1000164
1000165
1000166
1000167
1000168
1000169
1000170
1000171
1000172
1000173
1000174
1000175
1000176
1000177
1000178
1000179
1000180
1000181
1000182
1000183
1000184
1000185
1000186
1000187
1000188
1000189
1000190
1000191
1000192
1000193
1000194
1000195
1000196
1000197
1001000
1001001
1001002
1001003
1001004
1001005
1001006
1001007
1001008
1001009
1001010
1001011
1001012
1001013
1001014
1001015
1001016
1001017
1001018
1001019
1001020
1001021
1001022
1001023
1001024
1001025
1001026
1001027
1001028
1001029
1001030
1001031
1001032
1001033
1001034
1001035
1001036
1001037
1001038
1001039
1001040
1001041
1001042
1001043
1001044
1001045
1001046
1001047
1001048
1001049
1001050
1001051
1001052
1001053
1001054
1001055
1001056
1001057
1001058
1001059
1001060
1001061
1001062
1001063
1001064
1001065
1001066
1001067
1001068
1001069
1001070
1001071
1001072
1001073
1001074
1001075
1001076
1001077
1001078
1001079
1001080
1001081
1001082
1001083
1001084
1001085
1001086
1001087
1001088
1001089
1001090
1001091
1001092
1001093
1001094
1001095
1001096
1001097
1001098
1001099
1001100
1001101
1001102
1001103
1001104
1001105
1001106
1001107
1001108
1001109
1001110
1001111
1001112
1001113
1001114
1001115
1001116
1001117
1001118
1001119
1001120
1001121
1001122
1001123
1001124
1001125
1001126
1001127
1001128
1001129
1001130
1001131
1001132
1001133
1001134
1001135
1001136
1001137
1001138
1001139
1001140
1001141
1001142
1001143
1001144
1001145
1001146
1001147
1001148
1001149
1001150
1001151
1001152
1001153
1001154
1001155
1001156
1001157
1001158
1001159
1001160
1001161
1001162
1001163
1001164
1001165
1001166
1001167
1001168
1001169
1001170
1001171
1001172
1001173
1001174
1001175
1001176
1001177
1001178
1001179
1001180
1001181
1001182
1001183
1001184
1001185
1001186
1001187
1001188
1001189
1001190
1001191
1001192
1001193
1001194
1001195
1001196
1001197
1001198
1002000
1002001
1002002
1002003
1002004
1002005
1002006
1002007
1002008
1002009
1002010
1002011
1002012
1002013
1002014
1002015
1002016
1002017
1002018
1002019
1002020
1002021
1002022
1002023
1002024
1002025
1002026
1002027
1002028
1002029
1002030
1002031
1002032
1002033
1002034
1002035
1002036
1002037
1002038
1002039
1002040
1002041
1002042
1002043
1002044
1002045
1002046
1002047
1002048
1002049
1002050
1002051
1002052
1002053
1002054
1002055
1002056
1002057
1002058
1002059
1002060
1002061
1002062
1002063
1002064
1002065
1002066
1002067
1002068
1002069
1002070
1002071
1002072
1002073
1002074
1002075
1002076
1002077
1002078
1002079
1002080
1002081
1002082
1002083
1002084
1002085
1002086
1002087
1002088
1002089
1002090
1002091
1002092
1002093
1002094
1002095
1002096
1002097
1002098
1002099
1002100
1002101
1002102
1002103
1002104
1002105
1002106
1002107
1002108
1002109
1002110
1002111
1002112
1002113
1002114
1002115
1002116
1002117
1002118
1002119
1002120
1002121
1002122
1002123
1002124
1002125
1002126
1002127
1002128
1002129
1002130
1002131
1002132
1002133
1002134
1002135
1002136
1002137
1002138
1002139
1002140
1002141
1002142
1002143
1002144
1002145
1002146
1002147
1002148
1002149
1002150
1002151
1002152
1002153
1002154
1002155
1002156
1002157
1002158
1002159
1002160
1002161
1002162
1002163
1002164
1002165
1002166
1002167

1002168
1002169
1002170
1002171
1002172
1002173
1002174
1002175
1002176
1002177
1002178
1002179
1002180
1002181
1002182
1002183
1002184
1002185
1002186
1002187
1002188
1002189
1002190
1002191
1002192
1002193
1002194
1002195
1002196
1002197
1003000
1003001
1003002
1003003
1003004
1003005
1003006
1003007
1003008
1003009
1003010
1003011
1003012
1003013
1003014
1003015
1003016
1003017
1003018
1003019
1003020
1003021
1003022
1003023
1003024
1003025
1003026
1003027
1003028
1003029
1003030
1003031
1003032
1003033
1003034
1003035
1003036
1003037
1003038
1003039
1003040
1003041
1003042
1003043
1003044
1003045
1003046
1003047
1003048
1003049
1003050
1003051
1003052
1003053
1003054
1003055
1003056
1003057
1003058
1003059
1003060
1003061
1003062
1003063
1003064
1003065
1003066
1003067
1003068
1003069
1003070
1003071
1003072
1003073
1003074
1003075
1003076
1003077
1003078
1003079
1003080
1003081
1003082
1003083
1003084
1003085
1003086
1003087
1003088
1003089
1003090
1003091
1003092
1003093
1003094
1003095
1003096
1003097
1003098
1003099
1003100
1003101
1003102
1003103
1003104
1003105
1003106
1003107
1003108
1003109
1003110
1003111
1003112
1003113
1003114
1003115
1003116
1003117
1003118
1003119
1003120
1003121
1003122
1003123
1003124
1003125
1003126
1003127
1003128
1003129
1003130
1003131
1003132
1003133
1003134
1003135
1003136
1003137
1003138
1003139
1003140
1003141
1003142
1003143
1003144
1003145
1003146
1003147
1003148
1003149
1003150
1003151
1003152
1003153
1003154
1003155
1003156
1003157
1003158
1003159
1003160
1003161
1003162
1003163
1003164
1003165
1003166
1003167
1003168
1003169
1003170
1003171
1003172
1003173
1003174
1003175
1003176
1003177
1003178
1003179
1003180
1003181
1003182
1003183
1003184
1003185
1003186
1003187
1003188
1003189
1003190
1003191
1003192
1003193
1003194
1003195
1003196
1003197
1004000
1004001
1004002
1004003
1004004
1004005
1004006
1004007
1004008
1004009
1004010
1004011
1004012
1004013
1004014
1004015
1004016
1004017
1004018
1004019
1004020
1004021
1004022
1004023
1004024
1004025
1004026
1004027
1004028
1004029
1004030
1004031
1004032
1004033
1004034
1004035
1004036
1004037
1004038
1004039
1004040
1004041
1004042
1004043
1004044
1004045
1004046
1004047
1004048
1004049
1004050
1004051
1004052
1004053
1004054
1004055
1004056
1004057
1004058
1004059
1004060
1004061
1004062
1004063
1004064
1004065
1004066
1004067
1004068
1004069
1004070
1004071
1004072
1004073
1004074
1004075
1004076
1004077
1004078
1004079
1004080
1004081
1004082
1004083
1004084
1004085
1004086
1004087
1004088
1004089
1004090
1004091
1004092
1004093
1004094
1004095
1004096
1004097
1004098
1004099
1004100
1004101
1004102
1004103
1004104
1004105
1004106
1004107
1004108
1004109
1004110
1004111
1004112
1004113
1004114
1004115
1004116
1004117
1004118
1004119
1004120
1004121
1004122
1004123
1004124
1004125
1004126
1004127
1004128
1004129
1004130
1004131
1004132
1004133
1004134
1004135
1004136
1004137
1004138
1004139
1004140
1004141
1004142
1004143
1004144
1004145
1004146
1004147
1004148
1004149
1004150
1004151
1004152
1004153
1004154
1004155
1004156
1004157
1004158
1004159
1004160
1004161
1004162
1004163
1004164
1004165
1004166
1004167
1004168
1004169
1004170
1004171
1004172
1004173
1004174
1004175
1004176
1004177
1004178
1004179
1004180
1004181
1004182
1004183
1004184
1004185
1004186
1004187
1004188
1004189
1004190
1004191
1004192
1004193
1004194
1004195
1004196
1004197
1005000
1005001
1005002
1005003
1005004
1005005
1005006
1005007
1005008
1005009
1005010
1005011
1005012
1005013
1005014
1005015
1005016
1005017
1005018
1005019
1005020
1005021
1005022
1005023
1005024
1005025
1005026
1005027
1005028
1005029
1005030
1005031
1005032
1005033
1005034
1005035
1005036
1005037
1005038
1005039
1005040
1005041
1005042
1005043
1005044
1005045
1005046
1005047
1005048
1005049
1005050
1005051
1005052
1005053
1005054
1005055
1005056
1005057
1005058
1005059
1005060
1005061
1005062
1005063
1005064
1005065
1005066
1005067
1005068
1005069
1005070
1005071
1005072
1005073
1005074
1005075
1005076
1005077
1005078
1005079
1005080
1005081
1005082
1005083
1005084
1005085
1005086
1005087
1005088
1005089
1005090
1005091
1005092
1005093
1005094
1005095
1005096
1005097
1005098
1005099
1005100
1005101
1005102
1005103
1005104
1005105
1005106
1005107
1005108
1005109
1005110
1005111
1005112
1005113
1005114
1005115
1005116
1005117
1005118
1005119
1005120
1005121
1005122
1005123
1005124
1005125
1005126
1005127
1005128
1005129
1005130
1005131
1005132
1005133
1005134
1005135
1005136
1005137
1005138
1005139
1005140
1005141
1005142
1005143
1005144
1005145
1005146
1005147
1005148
1005149
1005150
1005151
1005152
1005153
1005154
1005155
1005156
1005157
1005158
1005159
1005160
1005161
1005162
1005163
1005164
1005165
1005166
1005167
1005168
1005169
1005170
1005171
1005172
1005173
1005174
1005175
1005176
1005177
1005178
1005179
1005180
1005181
1005182
1005183
1005184
1005185
1005186
1005187
1005188
1005189
1005190
1005191
1005192
1005193
1005194
1005195
1005196
1005197
1005198
1006000
1006001
1006002
1006003
1006004
1006005
1006006
1006007
1006008
1006009
1006010
1006011
1006012
1006013
1006014
1006015
1006016
1006017
1006018
1006019
1006020
1006021
1006022
1006023
1006024
1006025
1006026
1006027
1006028
1006029
1006030
1006031
1006032
1006033
1006034
1006035
1006036
1006037
1006038
1006039
1006040
1006041
1006042
1006043
1006044
1006045
1006046
1006047
1006048
1006049
1006050
1006051
1006052
1006053
1006054
1006055
1006056
1006057
1006058
1006059
1006060
1006061
1006062
1006063
1006064
1006065
1006066
1006067
1006068
1006069
1006070
1006071
1006072
1006073
1006074
1006075
1006076
1006077
1006078
1006079
1006080
1006081
1006082
1006083
1006084
1006085
1006086
1006087
1006088
1006089
1006090
1006091
1006092
1006093
1006094
1006095
1006096
1006097
1006098
1006099
1006100
1006101
1006102
1006103
1006104
1006105
1006106
1006107
1006108
1006109
1006110
1006111
1006112
1006113
1006114
1006115
1006116
1006117
1006118
1006119
1006120
1006121
1006122
1006123
1006124
1006125
1006126
1006127
1006128
1006129
1006130
1006131
1006132
1006133
1006134
1006135
1006136
1006137
1006138
1006139
1006140
1006141
1006142
1006143
1006144
1006145
1006146
1006147
1006148
1006149
1006150
1006151
1006152
1006153
1006154
1006155
1006156
1006157
1006158
1006159
1006160
1006161
1006162
1006163
1006164
1006165
1006166
1006167
1006168
1006169
1006170
1006171
1006172
1006173
1006174
1006175
1006176
1006177
1006178
1006179
1006180
1006181
1006182

1007000
1007001
1007002
1007003
1007004
1007005
1007006
1007007
1007008
1007009
1007010
1007011
1007012
1007013
1007014
1007015
1007016
1007017
1007018
1007019
1007020
1007021
1007022
1007023
1007024
1007025
1007026
1007027
1007028
1007029
1007030
1007031
1007032
1007033
1007034
1007035
1007036
1007037
1007038
1007039
1007040
1007041
1007042
1007043
1007044
1007045
1007046
1007047
1007048
1007049
1007050
1007051
1007052
1007053
1007054
1007055
1007056
1007057
1007058
1007059
1007060
1007061
1007062
1007063
1007064
1007065
1007066
1007067
1007068
1007069
1007070
1007071
1007072
1007073
1007074
1007075
1007076
1007077
1007078
1007079
1007080
1007081
1007082
1007083
1007084
1007085
1007086
1007087
1007088
1007089
1007090
1007091
1007092
1007093
1007094
1007095
1007096
1007097
1007098
1007099
1007100
1007101
1007102
1007103
1007104
1007105
1007106
1007107
1007108
1007109
1007110
1007111
1007112
1007113
1007114
1007115
1007116
1007117
1007118
1007119
1007120
1007121
1007122
1007123
1007124
1007125
1007126
1007127
1007128
1007129
1007130
1007131
1007132
1007133
1007134
1007135
1007136
1007137
1007138
1007139
1007140
1007141
1007142
1007143
1007144
1007145
1007146
1007147
1007148
1007149
1007150
1007151
1007152
1007153
1007154
1007155
1007156
1007157
1007158
1007159
1007160
1007161
1007162
1007163
1007164
1007165
1007166
1007167
1007168
1007169
1007170
1007171
1007172
1007173
1007174
1007175
1007176
1007177
1007178
1007179
1007180
1007181
1007182
1007183
1007184
1007185
1007186
1007187
1007188
1007189
1007190
1007191
1007192
1007193
1007194
1007195
1007196
1007197
1008000
1008001
1008002
1008003
1008004
1008005
1008006
1008007
1008008
1008009
1008010
1008011
1008012
1008013
1008014
1008015
1008016
1008017
1008018
1008019
1008020
1008021
1008022
1008023
1008024
1008025
1008026
1008027
1008028
1008029
1008030
1008031
1008032
1008033
1008034
1008035
1008036
1008037
1008038
1008039
1008040
1008041
1008042
1008043
1008044
1008045
1008046
1008047
1008048
1008049
1008050
1008051
1008052
1008053
1008054
1008055
1008056
1008057
1008058
1008059
1008060
1008061
1008062
1008063
1008064
1008065
1008066
1008067
1008068
1008069
1008070
1008071
1008072
1008073
1008074
1008075
1008076
1008077
1008078
1008079
1008080
1008081
1008082
1008083
1008084
1008085
1008086
1008087
1008088
1008089
1008090
1008091
1008092
1008093
1008094
1008095
1008096
1008097
1008098
1008099
1008100
1008101
1008102
1008103
1008104
1008105
1008106
1008107
1008108
1008109
1008110
1008111
1008112
1008113
1008114
1008115
1008116
1008117
1008118
1008119
1008120
1008121
1008122
1008123
1008124
1008125
1008126
1008127
1008128
1008129
1008130
1008131
1008132
1008133
1008134
1008135
1008136
1008137
1008138
1008139
1008140
1008141
1008142
1008143
1008144
1008145
1008146
1008147
1008148
1008149
1008150
1008151
1008152
1008153
1008154
1008155
1008156
1008157
1008158
1008159
1008160
1008161
1008162
1008163
1008164
1008165
1008166
1008167
1008168
1008169
1008170
1008171
1008172
1008173
1008174
1008175
1008176
1008177
1008178
1008179
1008180
1008181
1008182
1008183
1008184
1008185
1008186
1008187
1008188
1008189
1008190
1008191
1008192
1008193
1008194
1008195
1008196
1008197
1009000
1009001
1009002
1009003
1009004
1009005
1009006
1009007
1009008
1009009
1009010
1009011
1009012
1009013
1009014
1009015
1009016
1009017
1009018
1009019
1009020
1009021
1009022
1009023
1009024
1009025
1009026
1009027
1009028
1009029
1009030
1009031
1009032
1009033
1009034
1009035
1009036
1009037
1009038
1009039
1009040
1009041
1009042
1009043
1009044
1009045
1009046
1009047
1009048
1009049
1009050
1009051
1009052
1009053
1009054
1009055
1009056
1009057
1009058
1009059
1009060
1009061
1009062
1009063
1009064
1009065
1009066
1009067
1009068
1009069
1009070
1009071
1009072
1009073
1009074
1009075
1009076
1009077
1009078
1009079
1009080
1009081
1009082
1009083
1009084
1009085
1009086
1009087
1009088
1009089
1009090
1009091
1009092
1009093
1009094
1009095
1009096
1009097
1009098
1009099
1009100
1009101
1009102
1009103
1009104
1009105
1009106
1009107
1009108
1009109
1009110
1009111
1009112
1009113
1009114
1009115
1009116
1009117
1009118
1009119
1009120
1009121
1009122
1009123
1009124
1009125
1009126
1009127
1009128
1009129
1009130
1009131
1009132
1009133
1009134
1009135
1009136
1009137
1009138
1009139
1009140
1009141
1009142
1009143
1009144
1009145
1009146
1009147
1009148
1009149
1009150
1009151
1009152
1009153
1009154
1009155
1009156
1009157
1009158
1009159
1009160
1009161
1009162
1009163
1009164
1009165
1009166
1009167
1009168
1009169
1009170
1009171
1009172
1009173
1009174
1009175
1009176
1009177
1009178
1009179
1009180
1009181
1009182
1009183
1009184
1009185
1009186
1009187
1009188
1009189
1009190
1009191
1009192
1009193
1009194
1009195
1009196
1009197
1010000
1010001
1010002
1010003
1010004
1010005
1010006
1010007
1010008
1010009
1010010
1010011
1010012
1010013
1010014
1010015
1010016
1010017
1010018
1010019
1010020
1010021
1010022
1010023
1010024
1010025
1010026
1010027
1010028
1010029
1010030
1010031
1010032
1010033
1010034
1010035
1010036
1010037
1010038
1010039
1010040
1010041
1010042
1010043
1010044
1010045
1010046
1010047
1010048
1010049
1010050
1010051
1010052
1010053
1010054
1010055
1010056
1010057
1010058
1010059
1010060
1010061
1010062
1010063
1010064
1010065
1010066
1010067
1010068
1010069
1010070
1010071
1010072
1010073
1010074
1010075
1010076
1010077
1010078
1010079
1010080
1010081
1010082
1010083
1010084
1010085
1010086
1010087
1010088
1010089
1010090
1010091
1010092
1010093
1010094
1010095
1010096
1010097
1010098
1010099
1010100
1010101
1010102
1010103
1010104
1010105
1010106
1010107
1010108
1010109
1010110
1010111
1010112
1010113
1010114
1010115
1010116
1010117
1010118
1010119
1010120
1010121
1010122
1010123
1010124
1010125
1010126
1010127
1010128
1010129
1010130
1010131
1010132
1010133
1010134
1010135
1010136
1010137
1010138
1010139
1010140
1010141
1010142
1010143
1010144
1010145
1010146
1010147
1010148
1010149
1010150
1010151
1010152
1010153
1010154
1010155
1010156
1010157
1010158
1010159
1010160
1010161
1010162
1010163
1010164
1010165
1010166
1010167
1010168
1010169
1010170
1010171
1010172
1010173
1010174
1010175
1010176
1010177
1010178
1010179
1010180
1010181
1010182
1010183
1010184
1010185
1010186
1010187
1010188
1010189
1010190
1010191
1010192
1010193
1010194
1010195
1010196
1010197
1010198
1011000
1011001
1011002
1011003
1011004
1011005
1011006
1011007
1011008
1011009
1011010
1011011
1011012
1011013
1011014

1011015
1011016
1011017
1011018
1011019
1011020
1011021
1011022
1011023
1011024
1011025
1011026
1011027
1011028
1011029
1011030
1011031
1011032
1011033
1011034
1011035
1011036
1011037
1011038
1011039
1011040
1011041
1011042
1011043
1011044
1011045
1011046
1011047
1011048
1011049
1011050
1011051
1011052
1011053
1011054
1011055
1011056
1011057
1011058
1011059
1011060
1011061
1011062
1011063
1011064
1011065
1011066
1011067
1011068
1011069
1011070
1011071
1011072
1011073
1011074
1011075
1011076
1011077
1011078
1011079
1011080
1011081
1011082
1011083
1011084
1011085
1011086
1011087
1011088
1011089
1011090
1011091
1011092
1011093
1011094
1011095
1011096
1011097
1011098
1011099
1011100
1011101
1011102
1011103
1011104
1011105
1011106
1011107
1011108
1011109
1011110
1011111
1011112
1011113
1011114
1011115
1011116
1011117
1011118
1011119
1011120
1011121
1011122
1011123
1011124
1011125
1011126
1011127
1011128
1011129
1011130
1011131
1011132
1011133
1011134
1011135
1011136
1011137
1011138
1011139
1011140
1011141
1011142
1011143
1011144
1011145
1011146
1011147
1011148
1011149
1011150
1011151
1011152
1011153
1011154
1011155
1011156
1011157
1011158
1011159
1011160
1011161
1011162
1011163
1011164
1011165
1011166
1011167
1011168
1011169
1011170
1011171
1011172
1011173
1011174
1011175
1011176
1011177
1011178
1011179
1011180
1011181
1011182
1011183
1011184
1011185
1011186
1011187
1011188
1011189
1011190
1012000
1012001
1012002
1012003
1012004
1012005
1012006
1012007
1012008
1012009
1012010
1012011
1012012
1012013
1012014
1012015
1012016
1012017
1012018
1012019
1012020
1012021
1012022
1012023
1012024
1012025
1012026
1012027
1012028
1012029
1012030
1012031
1012032
1012033
1012034
1012035
1012036
1012037
1012038
1012039
1012040
1012041
1012042
1012043
1012044
1012045
1012046
1012047
1012048
1012049
1012050
1012051
1012052
1012053
1012054
1012055
1012056
1012057
1012058
1012059
1012060
1012061
1012062
1012063
1012064
1012065
1012066
1012067
1012068
1012069
1012070
1012071
1012072
1012073
1012074
1012075
1012076
1012077
1012078
1012079
1012080
1012081
1012082
1012083
1012084
1012085
1012086
1012087
1012088
1012089
1012090
1012091
1012092
1012093
1012094
1012095
1012096
1012097
1012098
1012099
1012100
1012101
1012102
1012103
1012104
1012105
1012106
1012107
1012108
1012109
1012110
1012111
1012112
1012113
1012114
1012115
1012116
1012117
1012118
1012119
1012120
1012121
1012122
1012123
1012124
1012125
1012126
1012127
1012128
1012129
1012130
1012131
1012132
1012133
1012134
1012135
1012136
1012137
1012138
1012139
1012140
1012141
1012142
1012143
1012144
1012145
1012146
1012147
1012148
1012149
1012150
1012151
1012152
1012153
1012154
1012155
1012156
1012157
1012158
1012159
1012160
1012161
1012162
1012163
1012164
1012165
1012166
1012167
1012168
1012169
1012170
1012171
1012172
1012173
1012174
1012175
1012176
1012177
1012178
1012179
1012180
1012181
1012182
1012183
1012184
1012185
1012186
1012187
1012188
1012189
1012190
1012191
1012192
1012193
1012194
1012195
1012196
1012197
1012198
1013000
1013001
1013002
1013003
1013004
1013005
1013006
1013007
1013008
1013009
1013010
1013011
1013012
1013013
1013014
1013015
1013016
1013017
1013018
1013019
1013020
1013021
1013022
1013023
1013024
1013025
1013026
1013027
1013028
1013029
1013030
1013031
1013032
1013033
1013034
1013035
1013036
1013037
1013038
1013039
1013040
1013041
1013042
1013043
1013044
1013045
1013046
1013047
1013048
1013049
1013050
1013051
1013052
1013053
1013054
1013055
1013056
1013057
1013058
1013059
1013060
1013061
1013062
1013063
1013064
1013065
1013066
1013067
1013068
1013069
1013070
1013071
1013072
1013073
1013074
1013075
1013076
1013077
1013078
1013079
1013080
1013081
1013082
1013083
1013084
1013085
1013086
1013087
1013088
1013089
1013090
1013091
1013092
1013093
1013094
1013095
1013096
1013097
1013098
1013099
1013100
1013101
1013102
1013103
1013104
1013105
1013106
1013107
1013108
1013109
1013110
1013111
1013112
1013113
1013114
1013115
1013116
1013117
1013118
1013119
1013120
1013121
1013122
1013123
1013124
1013125
1013126
1013127
1013128
1013129
1013130
1013131
1013132
1013133
1013134
1013135
1013136
1013137
1013138
1013139
1013140
1013141
1013142
1013143
1013144
1013145
1013146
1013147
1013148
1013149
1013150
1013151
1013152
1013153
1013154
1013155
1013156
1013157
1013158
1013159
1013160
1013161
1013162
1013163
1013164
1013165
1013166
1013167
1013168
1013169
1013170
1013171
1013172
1013173
1013174
1013175
1013176
1013177
1013178
1013179
1013180
1013181
1013182
1013183
1013184
1013185
1013186
1013187
1013188
1013189
1013190
1013191
1013192
1013193
1013194
1013195
1013196
1013197
1013198
1014000
1014001
1014002
1014003
1014004
1014005
1014006
1014007
1014008
1014009
1014010
1014011
1014012
1014013
1014014
1014015
1014016
1014017
1014018
1014019
1014020
1014021
1014022
1014023
1014024
1014025
1014026
1014027
1014028
1014029
1014030
1014031
1014032
1014033
1014034
1014035
1014036
1014037
1014038
1014039
1014040
1014041
1014042
1014043
1014044
1014045
1014046
1014047
1014048
1014049
1014050
1014051
1014052
1014053
1014054
1014055
1014056
1014057
1014058
1014059
1014060
1014061
1014062
1014063
1014064
1014065
1014066
1014067
1014068
1014069
1014070
1014071
1014072
1014073
1014074
1014075
1014076
1014077
1014078
1014079
1014080
1014081
1014082
1014083
1014084
1014085
1014086
1014087
1014088
1014089
1014090
1014091
1014092
1014093
1014094
1014095
1014096
1014097
1014098
1014099
1014100
1014101
1014102
1014103
1014104
1014105
1014106
1014107
1014108
1014109
1014110
1014111
1014112
1014113
1014114
1014115
1014116
1014117
1014118
1014119
1014120
1014121
1014122
1014123
1014124
1014125
1014126
1014127
1014128
1014129
1014130
1014131
1014132
1014133
1014134
1014135
1014136
1014137
1014138
1014139
1014140
1014141
1014142
1014143
1014144
1014145
1014146
1014147
1014148
1014149
1014150
1014151
1014152
1014153
1014154
1014155
1014156
1014157
1014158
1014159
1014160
1014161
1014162
1014163
1014164
1014165
1014166
1014167
1014168
1014169
1014170
1014171
1014172
1014173
1014174
1014175
1014176
1014177
1014178
1014179
1014180
1014181
1014182
1014183
1014184
1014185
1014186
1014187
1014188
1014189
1014190
1014191
1014192
1014193
1014194
1014195
1014196
1014197
1014198
1015000
1015001
1015002
1015003
1015004
1015005
1015006
1015007
1015008
1015009
1015010
1015011
1015012
1015013
1015014
1015015
1015016
1015017
1015018
1015019
1015020
1015021
1015022
1015023
1015024
1015025
1015026
1015027
1015028
1015029
1015030
1015031
1015032
1015033
1015034

1015035
1015036
1015037
1015038
1015039
1015040
1015041
1015042
1015043
1015044
1015045
1015046
1015047
1015048
1015049
1015050
1015051
1015052
1015053
1015054
1015055
1015056
1015057
1015058
1015059
1015060
1015061
1015062
1015063
1015064
1015065
1015066
1015067
1015068
1015069
1015070
1015071
1015072
1015073
1015074
1015075
1015076
1015077
1015078
1015079
1015080
1015081
1015082
1015083
1015084
1015085
1015086
1015087
1015088
1015089
1015090
1015091
1015092
1015093
1015094
1015095
1015096
1015097
1015098
1015099
1015100
1015101
1015102
1015103
1015104
1015105
1015106
1015107
1015108
1015109
1015110
1015111
1015112
1015113
1015114
1015115
1015116
1015117
1015118
1015119
1015120
1015121
1015122
1015123
1015124
1015125
1015126
1015127
1015128
1015129
1015130
1015131
1015132
1015133
1015134
1015135
1015136
1015137
1015138
1015139
1015140
1015141
1015142
1015143
1015144
1015145
1015146
1015147
1015148
1015149
1015150
1015151
1015152
1015153
1015154
1015155
1015156
1015157
1015158
1015159
1015160
1015161
1015162
1015163
1015164
1015165
1015166
1015167
1015168
1015169
1015170
1015171
1015172
1015173
1015174
1015175
1015176
1015177
1015178
1015179
1015180
1015181
1015182
1015183
1015184
1015185
1015186
1015187
1015188
1015189
1015190
1015191
1015192
1015193
1015194
1015195
1015196
1016000
1016001
1016002
1016003
1016004
1016005
1016006
1016007
1016008
1016009
1016010
1016011
1016012
1016013
1016014
1016015
1016016
1016017
1016018
1016019
1016020
1016021
1016022
1016023
1016024
1016025
1016026
1016027
1016028
1016029
1016030
1016031
1016032
1016033
1016034
1016035
1016036
1016037
1016038
1016039
1016040
1016041
1016042
1016043
1016044
1016045
1016046
1016047
1016048
1016049
1016050
1016051
1016052
1016053
1016054
1016055
1016056
1016057
1016058
1016059
1016060
1016061
1016062
1016063
1016064
1016065
1016066
1016067
1016068
1016069
1016070
1016071
1016072
1016073
1016074
1016075
1016076
1016077
1016078
1016079
1016080
1016081
1016082
1016083
1016084
1016085
1016086
1016087
1016088
1016089
1016090
1016091
1016092
1016093
1016094
1016095
1016096
1016097
1016098
1016099
1016100
1016101
1016102
1016103
1016104
1016105
1016106
1016107
1016108
1016109
1016110
1016111
1016112
1016113
1016114
1016115
1016116
1016117
1016118
1016119
1016120
1016121
1016122
1016123
1016124
1016125
1016126
1016127
1016128
1016129
1016130
1016131
1016132
1016133
1016134
1016135
1016136
1016137
1016138
1016139
1016140
1016141
1016142
1016143
1016144
1016145
1016146
1016147
1016148
1016149
1016150
1016151
1016152
1016153
1016154
1016155
1016156
1016157
1016158
1016159
1016160
1016161
1016162
1016163
1016164
1016165
1016166
1016167
1016168
1016169
1016170
1016171
1016172
1016173
1016174
1016175
1016176
1016177
1016178
1016179
1016180
1016181
1016182
1016183
1016184
1016185
1016186
1016187
1016188
1016189
1016190
1016191
1016192
1016193
1016194
1016195
1016196
1016197
1017000
1017001
1017002
1017003
1017004
1017005
1017006
1017007
1017008
1017009
1017010
1017011
1017012
1017013
1017014
1017015
1017016
1017017
1017018
1017019
1017020
1017021
1017022
1017023
1017024
1017025
1017026
1017027
1017028
1017029
1017030
1017031
1017032
1017033
1017034
1017035
1017036
1017037
1017038
1017039
1017040
1017041
1017042
1017043
1017044
1017045
1017046
1017047
1017048
1017049
1017050
1017051
1017052
1017053
1017054
1017055
1017056
1017057
1017058
1017059
1017060
1017061
1017062
1017063
1017064
1017065
1017066
1017067
1017068
1017069
1017070
1017071
1017072
1017073
1017074
1017075
1017076
1017077
1017078
1017079
1017080
1017081
1017082
1017083
1017084
1017085
1017086
1017087
1017088
1017089
1017090
1017091
1017092
1017093
1017094
1017095
1017096
1017097
1017098
1017099
1017100
1017101
1017102
1017103
1017104
1017105
1017106
1017107
1017108
1017109
1017110
1017111
1017112
1017113
1017114
1017115
1017116
1017117
1017118
1017119
1017120
1017121
1017122
1017123
1017124
1017125
1017126
1017127
1017128
1017129
1017130
1017131
1017132
1017133
1017134
1017135
1017136
1017137
1017138
1017139
1017140
1017141
1017142
1017143
1017144
1017145
1017146
1017147
1017148
1017149
1017150
1017151
1017152
1017153
1017154
1017155
1017156
1017157
1017158
1017159
1017160
1017161
1017162
1017163
1017164
1017165
1017166
1017167
1017168
1017169
1017170
1017171
1017172
1017173
1017174
1017175
1017176
1017177
1017178
1017179
1017180
1017181
1017182
1017183
1017184
1017185
1017186
1017187
1017188
1017189
1017190
1017191
1017192
1017193
1017194
1017195
1017196
1017197
1018000
1018001
1018002
1018003
1018004
1018005
1018006
1018007
1018008
1018009
1018010
1018011
1018012
1018013
1018014
1018015
1018016
1018017
1018018
1018019
1018020
1018021
1018022
1018023
1018024
1018025
1018026
1018027
1018028
1018029
1018030
1018031
1018032
1018033
1018034
1018035
1018036
1018037
1018038
1018039
1018040
1018041
1018042
1018043
1018044
1018045
1018046
1018047
1018048
1018049
1018050
1018051
1018052
1018053
1018054
1018055
1018056
1018057
1018058
1018059
1018060
1018061
1018062
1018063
1018064
1018065
1018066
1018067
1018068
1018069
1018070
1018071
1018072
1018073
1018074
1018075
1018076
1018077
1018078
1018079
1018080
1018081
1018082
1018083
1018084
1018085
1018086
1018087
1018088
1018089
1018090
1018091
1018092
1018093
1018094
1018095
1018096
1018097
1018098
1018099
1018100
1018101
1018102
1018103
1018104
1018105
1018106
1018107
1018108
1018109
1018110
1018111
1018112
1018113
1018114
1018115
1018116
1018117
1018118
1018119
1018120
1018121
1018122
1018123
1018124
1018125
1018126
1018127
1018128
1018129
1018130
1018131
1018132
1018133
1018134
1018135
1018136
1018137
1018138
1018139
1018140
1018141
1018142
1018143
1018144
1018145
1018146
1018147
1018148
1018149
1018150
1018151
1018152
1018153
1018154
1018155
1018156
1018157
1018158
1018159
1018160
1018161
1018162
1018163
1018164
1018165
1018166
1018167
1018168
1018169
1018170
1018171
1018172
1018173
1018174
1018175
1018176
1018177
1018178
1018179
1018180
1018181
1018182
1018183
1018184
1018185
1018186
1018187
1018188
1018189
1018190
1018191
1018192
1018193
1018194
1018195
1018196
1018197
1019000
1019001
1019002
1019003
1019004
1019005
1019006
1019007
1019008
1019009
1019010
1019011
1019012
1019013
1019014
1019015
1019016
1019017
1019018
1019019
1019020
1019021
1019022
1019023
1019024
1019025
1019026
1019027
1019028
1019029
1019030
1019031
1019032
1019033
1019034
1019035
1019036
1019037
1019038
1019039
1019040
1019041
1019042
1019043
1019044
1019045
1019046
1019047
1019048
1019049
1019050
1019051

1019052
1019053
1019054
1019055
1019056
1019057
1019058
1019059
1019060
1019061
1019062
1019063
1019064
1019065
1019066
1019067
1019068
1019069
1019070
1019071
1019072
1019073
1019074
1019075
1019076
1019077
1019078
1019079
1019080
1019081
1019082
1019083
1019084
1019085
1019086
1019087
1019088
1019089
1019090
1019091
1019092
1019093
1019094
1019095
1019096
1019097
1019098
1019099
1019100
1019101
1019102
1019103
1019104
1019105
1019106
1019107
1019108
1019109
1019110
1019111
1019112
1019113
1019114
1019115
1019116
1019117
1019118
1019119
1019120
1019121
1019122
1019123
1019124
1019125
1019126
1019127
1019128
1019129
1019130
1019131
1019132
1019133
1019134
1019135
1019136
1019137
1019138
1019139
1019140
1019141
1019142
1019143
1019144
1019145
1019146
1019147
1019148
1019149
1019150
1019151
1019152
1019153
1019154
1019155
1019156
1019157
1019158
1019159
1019160
1019161
1019162
1019163
1019164
1019165
1019166
1019167
1019168
1019169
1019170
1019171
1019172
1019173
1019174
1019175
1019176
1019177
1019178
1019179
1019180
1019181
1019182
1019183
1019184
1019185
1019186
1019187
1019188
1019189
1019190
1019191
1019192
1019193
1019194
1019195
1019196
1019197
1019198
1020000
1020001
1020002
1020003
1020004
1020005
1020006
1020007
1020008
1020009
1020010
1020011
1020012
1020013
1020014
1020015
1020016
1020017
1020018
1020019
1020020
1020021
1020022
1020023
1020024
1020025
1020026
1020027
1020028
1020029
1020030
1020031
1020032
1020033
1020034
1020035
1020036
1020037
1020038
1020039
1020040
1020041
1020042
1020043
1020044
1020045
1020046
1020047
1020048
1020049
1020050
1020051
1020052
1020053
1020054
1020055
1020056
1020057
1020058
1020059
1020060
1020061
1020062
1020063
1020064
1020065
1020066
1020067
1020068
1020069
1020070
1020071
1020072
1020073
1020074
1020075
1020076
1020077
1020078
1020079
1020080
1020081
1020082
1020083
1020084
1020085
1020086
1020087
1020088
1020089
1020090
1020091
1020092
1020093
1020094
1020095
1020096
1020097
1020098
1020099
1020100
1020101
1020102
1020103
1020104
1020105
1020106
1020107
1020108
1020109
1020110
1020111
1020112
1020113
1020114
1020115
1020116
1020117
1020118
1020119
1020120
1020121
1020122
1020123
1020124
1020125
1020126
1020127
1020128
1020129
1020130
1020131
1020132
1020133
1020134
1020135
1020136
1020137
1020138
1020139
1020140
1020141
1020142
1020143
1020144
1020145
1020146
1020147
1020148
1020149
1020150
1020151
1020152
1020153
1020154
1020155
1020156
1020157
1020158
1020159
1020160
1020161
1020162
1020163
1020164
1020165
1020166
1020167
1020168
1020169
1020170
1020171
1020172
1020173
1020174
1020175
1020176
1020177
1020178
1020179
1020180
1020181
1020182
1020183
1020184
1020185
1020186
1020187
1020188
1020189
1020190
1020191
1020192
1020193
1020194
1020195
1020196
1021000
1021001
1021002
1021003
1021004
1021005
1021006
1021007
1021008
1021009
1021010
1021011
1021012
1021013
1021014
1021015
1021016
1021017
1021018
1021019
1021020
1021021
1021022
1021023
1021024
1021025
1021026
1021027
1021028
1021029
1021030
1021031
1021032
1021033
1021034
1021035
1021036
1021037
1021038
1021039
1021040
1021041
1021042
1021043
1021044
1021045
1021046
1021047
1021048
1021049
1021050
1021051
1021052
1021053
1021054
1021055
1021056
1021057
1021058
1021059
1021060
1021061
1021062
1021063
1021064
1021065
1021066
1021067
1021068
1021069
1021070
1021071
1021072
1021073
1021074
1021075
1021076
1021077
1021078
1021079
1021080
1021081
1021082
1021083
1021084
1021085
1021086
1021087
1021088
1021089
1021090
1021091
1021092
1021093
1021094
1021095
1021096
1021097
1021098
1021099
1021100
1021101
1021102
1021103
1021104
1021105
1021106
1021107
1021108
1021109
1021110
1021111
1021112
1021113
1021114
1021115
1021116
1021117
1021118
1021119
1021120
1021121
1021122
1021123
1021124
1021125
1021126
1021127
1021128
1021129
1021130
1021131
1021132
1021133
1021134
1021135
1021136
1021137
1021138
1021139
1021140
1021141
1021142
1021143
1021144
1021145
1021146
1021147
1021148
1021149
1021150
1021151
1021152
1021153
1021154
1021155
1021156
1021157
1021158
1021159
1021160
1021161
1021162
1021163
1021164
1021165
1021166
1021167
1021168
1021169
1021170
1021171
1021172
1021173
1021174
1021175
1021176
1021177
1021178
1021179
1021180
1021181
1021182
1021183
1021184
1021185
1021186
1021187
1021188
1021189
1021190
1021191
1021192
1021193
1021194
1021195
1022000
1022001
1022002
1022003
1022004
1022005
1022006
1022007
1022008
1022009
1022010
1022011
1022012
1022013
1022014
1022015
1022016
1022017
1022018
1022019
1022020
1022021
1022022
1022023
1022024
1022025
1022026
1022027
1022028
1022029
1022030
1022031
1022032
1022033
1022034
1022035
1022036
1022037
1022038
1022039
1022040
1022041
1022042
1022043
1022044
1022045
1022046
1022047
1022048
1022049
1022050
1022051
1022052
1022053
1022054
1022055
1022056
1022057
1022058
1022059
1022060
1022061
1022062
1022063
1022064
1022065
1022066
1022067
1022068
1022069
1022070
1022071
1022072
1022073
1022074
1022075
1022076
1022077
1022078
1022079
1022080
1022081
1022082
1022083
1022084
1022085
1022086
1022087
1022088
1022089
1022090
1022091
1022092
1022093
1022094
1022095
1022096
1022097
1022098
1022099
1022100
1022101
1022102
1022103
1022104
1022105
1022106
1022107
1022108
1022109
1022110
1022111
1022112
1022113
1022114
1022115
1022116
1022117
1022118
1022119
1022120
1022121
1022122
1022123
1022124
1022125
1022126
1022127
1022128
1022129
1022130
1022131
1022132
1022133
1022134
1022135
1022136
1022137
1022138
1022139
1022140
1022141
1022142
1022143
1022144
1022145
1022146
1022147
1022148
1022149
1022150
1022151
1022152
1022153
1022154
1022155
1022156
1022157
1022158
1022159
1022160
1022161
1022162
1022163
1022164
1022165
1022166
1022167
1022168
1022169
1022170
1022171
1022172
1022173
1022174
1022175
1022176
1022177
1022178
1022179
1022180
1022181
1022182
1022183
1022184
1022185
1022186
1022187
1022188
1022189
1022190
1022191
1022192
1022193
1022194
1022195
1022196
1022197
1023000
1023001
1023002
1023003
1023004
1023005
1023006
1023007
1023008
1023009
1023010
1023011
1023012
1023013
1023014
1023015
1023016
1023017
1023018
1023019
1023020
1023021
1023022
1023023
1023024
1023025
1023026
1023027
1023028
1023029
1023030
1023031
1023032
1023033
1023034
1023035
1023036
1023037
1023038
1023039
1023040
1023041
1023042
1023043
1023044
1023045
1023046
1023047
1023048
1023049
1023050
1023051
1023052
1023053
1023054
1023055
1023056
1023057
1023058
1023059
1023060
1023061
1023062
1023063
1023064
1023065
1023066
1023067
1023068
1023069

1023070
1023071
1023072
1023073
1023074
1023075
1023076
1023077
1023078
1023079
1023080
1023081
1023082
1023083
1023084
1023085
1023086
1023087
1023088
1023089
1023090
1023091
1023092
1023093
1023094
1023095
1023096
1023097
1023098
1023099
1023100
1023101
1023102
1023103
1023104
1023105
1023106
1023107
1023108
1023109
1023110
1023111
1023112
1023113
1023114
1023115
1023116
1023117
1023118
1023119
1023120
1023121
1023122
1023123
1023124
1023125
1023126
1023127
1023128
1023129
1023130
1023131
1023132
1023133
1023134
1023135
1023136
1023137
1023138
1023139
1023140
1023141
1023142
1023143
1023144
1023145
1023146
1023147
1023148
1023149
1023150
1023151
1023152
1023153
1023154
1023155
1023156
1023157
1023158
1023159
1023160
1023161
1023162
1023163
1023164
1023165
1023166
1023167
1023168
1023169
1023170
1023171
1023172
1023173
1023174
1023175
1023176
1023177
1023178
1023179
1023180
1023181
1023182
1023183
1023184
1023185
1023186
1023187
1023188
1023189
1023190
1023191
1023192
1023193
1023194
1023195
1023196
1023197
1024000
1024001
1024002
1024003
1024004
1024005
1024006
1024007
1024008
1024009
1024010
1024011
1024012
1024013
1024014
1024015
1024016
1024017
1024018
1024019
1024020
1024021
1024022
1024023
1024024
1024025
1024026
1024027
1024028
1024029
1024030
1024031
1024032
1024033
1024034
1024035
1024036
1024037
1024038
1024039
1024040
1024041
1024042
1024043
1024044
1024045
1024046
1024047
1024048
1024049
1024050
1024051
1024052
1024053
1024054
1024055
1024056
1024057
1024058
1024059
1024060
1024061
1024062
1024063
1024064
1024065
1024066
1024067
1024068
1024069
1024070
1024071
1024072
1024073
1024074
1024075
1024076
1024077
1024078
1024079
1024080
1024081
1024082
1024083
1024084
1024085
1024086
1024087
1024088
1024089
1024090
1024091
1024092
1024093
1024094
1024095
1024096
1024097
1024098
1024099
1024100
1024101
1024102
1024103
1024104
1024105
1024106
1024107
1024108
1024109
1024110
1024111
1024112
1024113
1024114
1024115
1024116
1024117
1024118
1024119
1024120
1024121
1024122
1024123
1024124
1024125
1024126
1024127
1024128
1024129
1024130
1024131
1024132
1024133
1024134
1024135
1024136
1024137
1024138
1024139
1024140
1024141
1024142
1024143
1024144
1024145
1024146
1024147
1024148
1024149
1024150
1024151
1024152
1024153
1024154
1024155
1024156
1024157
1024158
1024159
1024160
1024161
1024162
1024163
1024164
1024165
1024166
1024167
1024168
1024169
1024170
1024171
1024172
1024173
1024174
1024175
1024176
1024177
1024178
1024179
1024180
1024181
1024182
1024183
1024184
1024185
1024186
1024187
1024188
1024189
1024190
1024191
1024192
1024193
1024194
1024195
1024196
1024197